Volatility 3 Framework 2.20.1

PID	Process	Start VPN	End VPN	Tag	Protection	CommitCharge	PrivateMemory	File output	Notes	Hexdump	Disasm

7848	RuntimeBroker.	0x230013f0000	0x230013fffff	VadS	PAGE_EXECUTE_READ	16	1	Disabled	N/A	
00 00 00 00 00 00 00 00 00 00 00 00 00 00 00 00 ................
00 00 00 00 00 00 00 00 00 00 00 00 00 00 00 00 ................
00 00 00 00 00 00 00 00 00 00 00 00 00 00 00 00 ................
00 00 00 00 00 00 00 00 00 00 00 00 00 00 00 00 ................	00 00 00 00 00 00 00 00 00 00 00 00 00 00 00 00 00 00 00 00 00 00 00 00 00 00 00 00 00 00 00 00 00 00 00 00 00 00 00 00 00 00 00 00 00 00 00 00 00 00 00 00 00 00 00 00 00 00 00 00 00 00 00 00
4492	thunderbird.ex	0x1bfe20e0000	0x1bfe20effff	VadS	PAGE_EXECUTE_READ	16	1	Disabled	N/A	
30 30 cd cd 3f 7e 00 00 36 00 00 00 00 00 00 00 00..?~..6.......
48 8d 15 f9 ff ff ff 48 8b 0c 24 55 53 56 57 41 H......H..$USVWA
56 41 57 48 8b ec 48 83 ec 38 48 8b 7a f0 48 8d VAWH..H..8H.z.H.
05 1b 1a ff ff 48 8b 5a f8 48 03 c7 4c 8b 31 48 .....H.Z.H..L.1H	30 30 cd cd 3f 7e 00 00 36 00 00 00 00 00 00 00 48 8d 15 f9 ff ff ff 48 8b 0c 24 55 53 56 57 41 56 41 57 48 8b ec 48 83 ec 38 48 8b 7a f0 48 8d 05 1b 1a ff ff 48 8b 5a f8 48 03 c7 4c 8b 31 48
4492	thunderbird.ex	0x1bfe2300000	0x1bfe230ffff	VadS	PAGE_EXECUTE_READ	16	1	Disabled	N/A	
00 00 00 00 00 00 00 00 00 00 00 00 00 00 00 00 ................
00 00 00 00 00 00 00 00 00 00 00 00 00 00 00 00 ................
00 00 00 00 00 00 00 00 00 00 00 00 00 00 00 00 ................
00 00 00 00 00 00 00 00 00 00 00 00 00 00 00 00 ................	00 00 00 00 00 00 00 00 00 00 00 00 00 00 00 00 00 00 00 00 00 00 00 00 00 00 00 00 00 00 00 00 00 00 00 00 00 00 00 00 00 00 00 00 00 00 00 00 00 00 00 00 00 00 00 00 00 00 00 00 00 00 00 00
3644	thunderbird.ex	0x2b991750000	0x2b99175ffff	VadS	PAGE_EXECUTE_READ	16	1	Disabled	N/A	
00 00 00 00 00 00 00 00 00 00 00 00 00 00 00 00 ................
00 00 00 00 00 00 00 00 00 00 00 00 00 00 00 00 ................
00 00 00 00 00 00 00 00 00 00 00 00 00 00 00 00 ................
00 00 00 00 00 00 00 00 00 00 00 00 00 00 00 00 ................	00 00 00 00 00 00 00 00 00 00 00 00 00 00 00 00 00 00 00 00 00 00 00 00 00 00 00 00 00 00 00 00 00 00 00 00 00 00 00 00 00 00 00 00 00 00 00 00 00 00 00 00 00 00 00 00 00 00 00 00 00 00 00 00
3644	thunderbird.ex	0x2b9917e0000	0x2b9917effff	VadS	PAGE_EXECUTE_READ	16	1	Disabled	N/A	
00 00 00 00 00 00 00 00 00 00 00 00 00 00 00 00 ................
00 00 00 00 00 00 00 00 00 00 00 00 00 00 00 00 ................
00 00 00 00 00 00 00 00 00 00 00 00 00 00 00 00 ................
00 00 00 00 00 00 00 00 00 00 00 00 00 00 00 00 ................	00 00 00 00 00 00 00 00 00 00 00 00 00 00 00 00 00 00 00 00 00 00 00 00 00 00 00 00 00 00 00 00 00 00 00 00 00 00 00 00 00 00 00 00 00 00 00 00 00 00 00 00 00 00 00 00 00 00 00 00 00 00 00 00
3004	thunderbird.ex	0x1a785f40000	0x1a785f4ffff	VadS	PAGE_EXECUTE_READ	16	1	Disabled	N/A	
00 00 00 00 00 00 00 00 00 00 00 00 00 00 00 00 ................
00 00 00 00 00 00 00 00 00 00 00 00 00 00 00 00 ................
00 00 00 00 00 00 00 00 00 00 00 00 00 00 00 00 ................
00 00 00 00 00 00 00 00 00 00 00 00 00 00 00 00 ................	00 00 00 00 00 00 00 00 00 00 00 00 00 00 00 00 00 00 00 00 00 00 00 00 00 00 00 00 00 00 00 00 00 00 00 00 00 00 00 00 00 00 00 00 00 00 00 00 00 00 00 00 00 00 00 00 00 00 00 00 00 00 00 00
2820	smartscreen.ex	0x153f35a0000	0x153f35bffff	VadS	PAGE_EXECUTE_READWRITE	1	1	Disabled	N/A	
48 89 54 24 10 48 89 4c 24 08 4c 89 44 24 18 4c H.T$.H.L$.L.D$.L
89 4c 24 20 48 8b 41 28 48 8b 48 08 48 8b 51 50 .L$ H.A(H.H.H.QP
48 83 e2 f8 48 8b ca 48 b8 60 00 5a f3 53 01 00 H...H..H.`.Z.S..
00 48 2b c8 48 81 f9 70 0f 00 00 76 09 48 c7 c1 .H+.H..p...v.H..	48 89 54 24 10 48 89 4c 24 08 4c 89 44 24 18 4c 89 4c 24 20 48 8b 41 28 48 8b 48 08 48 8b 51 50 48 83 e2 f8 48 8b ca 48 b8 60 00 5a f3 53 01 00 00 48 2b c8 48 81 f9 70 0f 00 00 76 09 48 c7 c1
3692	powershell.exe	0x1cb6aa50000	0x1cb6aa5ffff	VadS	PAGE_EXECUTE_READWRITE	2	1	Disabled	N/A	
00 00 00 00 00 00 00 00 62 17 15 5c 8c 82 00 01 ........b..\....
ee ff ee ff 02 00 00 00 20 01 a5 6a cb 01 00 00 ........ ..j....
20 01 a5 6a cb 01 00 00 00 00 a5 6a cb 01 00 00  ..j.......j....
00 00 a5 6a cb 01 00 00 0f 00 00 00 00 00 00 00 ...j............	00 00 00 00 00 00 00 00 62 17 15 5c 8c 82 00 01 ee ff ee ff 02 00 00 00 20 01 a5 6a cb 01 00 00 20 01 a5 6a cb 01 00 00 00 00 a5 6a cb 01 00 00 00 00 a5 6a cb 01 00 00 0f 00 00 00 00 00 00 00
3692	powershell.exe	0x1cb6c3e0000	0x1cb6c3e6fff	VadS	PAGE_EXECUTE_READWRITE	1	1	Disabled	N/A	
00 00 00 00 00 00 00 00 10 7b ac 6c cb 01 00 00 .........{.l....
10 7b ac 6c cb 01 00 00 00 00 ac 6c cb 01 00 00 .{.l.......l....
b0 0d 3e 6c cb 01 00 00 00 10 3e 6c cb 01 00 00 ..>l......>l....
00 70 3e 6c cb 01 00 00 01 00 00 00 00 00 00 00 .p>l............	00 00 00 00 00 00 00 00 10 7b ac 6c cb 01 00 00 10 7b ac 6c cb 01 00 00 00 00 ac 6c cb 01 00 00 b0 0d 3e 6c cb 01 00 00 00 10 3e 6c cb 01 00 00 00 70 3e 6c cb 01 00 00 01 00 00 00 00 00 00 00
3692	powershell.exe	0x1cb6cac0000	0x1cb6cacffff	VadS	PAGE_EXECUTE_READWRITE	9	1	Disabled	N/A	
00 00 00 00 00 00 00 00 28 e6 be 6b 9b 65 00 01 ........(..k.e..
ee ff ee ff 02 00 00 00 20 01 ac 6c cb 01 00 00 ........ ..l....
20 01 ac 6c cb 01 00 00 00 00 ac 6c cb 01 00 00  ..l.......l....
00 00 ac 6c cb 01 00 00 0f 00 00 00 00 00 00 00 ...l............	00 00 00 00 00 00 00 00 28 e6 be 6b 9b 65 00 01 ee ff ee ff 02 00 00 00 20 01 ac 6c cb 01 00 00 20 01 ac 6c cb 01 00 00 00 00 ac 6c cb 01 00 00 00 00 ac 6c cb 01 00 00 0f 00 00 00 00 00 00 00
3692	powershell.exe	0x7df44e2c0000	0x7df44e2cffff	VadS	PAGE_EXECUTE_READWRITE	1	1	Disabled	N/A	
00 00 00 00 00 00 00 00 78 0d 00 00 00 00 00 00 ........x.......
0c 00 00 00 49 c7 c2 00 00 00 00 48 b8 d0 49 71 ....I......H..Iq
ad ff 7f 00 00 ff e0 49 c7 c2 01 00 00 00 48 b8 .......I......H.
d0 49 71 ad ff 7f 00 00 ff e0 49 c7 c2 02 00 00 .Iq.......I.....	00 00 00 00 00 00 00 00 78 0d 00 00 00 00 00 00 0c 00 00 00 49 c7 c2 00 00 00 00 48 b8 d0 49 71 ad ff 7f 00 00 ff e0 49 c7 c2 01 00 00 00 48 b8 d0 49 71 ad ff 7f 00 00 ff e0 49 c7 c2 02 00 00
3692	powershell.exe	0x7df44e2d0000	0x7df44e36ffff	VadS	PAGE_EXECUTE_READWRITE	2	1	Disabled	N/A	
d8 ff ff ff ff ff ff ff 08 00 00 00 00 00 00 00 ................
01 00 00 00 00 00 00 00 00 02 0e 03 38 00 00 00 ............8...
08 41 d7 07 0c 00 00 00 10 68 2a 4e ff 7f 00 00 .A.......h*N....
20 40 11 4e ff 7f 00 00 d0 d3 36 4e ff 7f 00 00  @.N......6N....	d8 ff ff ff ff ff ff ff 08 00 00 00 00 00 00 00 01 00 00 00 00 00 00 00 00 02 0e 03 38 00 00 00 08 41 d7 07 0c 00 00 00 10 68 2a 4e ff 7f 00 00 20 40 11 4e ff 7f 00 00 d0 d3 36 4e ff 7f 00 00
